1004125606996 1210002481210220701
24125606996121000248 000000000040008000802
500100002039061210224125606996121000248
60010010002154768031300834990272960000000000040167
400100160100000000038659401002629968 0000000000
400100160290000000088602601000475200-0000000000
60010020003472111072402283300019221000000000002567
400100260190000000016724601003472111 0000000000
60010030000426820073000642049956000000000000014119
400100360190000000038649301000426820 0000000000
60010040024754370021309379630151928050900000191710
400100460100000000038621701002349866 0000000000
400100460200000000038597901002524196 0000000000
400100460300000000038644301002436412 0000000000
400100460400000000038645001002436412 0000000000
400100460500000000038669301002391032 0000000000
400100460600000000038681001002384298 0000000000
400100460700000000038691601002664676 0000000000
400100460800000000038692601002391032 0000000000
400100460900000000038713801002738015 0000000000
400100461090000000038720801002438431 0000000000
60010050025838265071923284876591556500000000222328
400100560100000000016671501001007904 0000000000
400100560200000000016671601000861600 0000000000
400100560300000000016671701002084925 0000000000
400100560400000000016675701002237926 0000000000
400100560500000000016677101000642400 0000000000
400100560600000000016677201001614449 0000000000
400100560700000000016673301000430800 0000000000
400100560800000000016677401000694975 0000000000
400100560900000000016669001002318252 0000000000
400100561000000000016678801002969722 0000000000
400100561100000000016682701001148800 0000000000
400100561200000000016682801000080300 0000000000
400100561300000000016682901000950562 0000000000
400100561400000000016683001001303975 0000000000
400100561500000000016674201002787198 0000000000
400100561600000000016688901002078965 0000000000
400100561700000000016694201001447912 0000000000
400100561800000000016694301001189320 0000000000
400100561900000000016694401001029520 0000000000
40010056200000000000DM07888000423540-0000000000
400100562190000000088908501000617700-0000000000
60010060003366932031202770802624351700000000592859
400100660190000000038816301003366932 0000000000
60010070001437918031202770802624351700000000592858
400100760190000000038761001001437918 0000000000
60010080000372852071925046133987400000000000135523
400100860190000000038790101000372852 0000000000
60010090000422332071925046133987400000000000135522
400100960100000000016691301000425100 0000000000
400100960290000000088875701000002768-0000000000
60010100001459500101901396885168900000000000088695
400101060190000000038749701001459500 0000000000
60010110020270246073903244400907408000000000027709
400101160100000000088900401001010000-0000000000
400101160200000000088917501000012000-0000000000
400101160300000000016699001001061898 0000000000
400101160400000000038694401002492592 0000000000
400101160500000000038694501000997150 0000000000
400101160600000000038707701002254464 0000000000
400101160700000000038722001001520480 0000000000
400101160800000000038733501001937504 0000000000
400101160900000000038749101000311574 0000000000
400101161000000000038778801001640280 0000000000
400101161100000000038787201000457200 0000000000
400101161200000000038793601000475152 0000000000
400101161300000000038823301002548896 0000000000
400101161400000000038848301003320720 0000000000
400101161590000000038850301002274336 0000000000
60010120001377037073903244400907408000000000027710
400101260100000000038855301001401810 0000000000
400101260290000000088876801000024773-0000000000
60010130000808044071925046133987400000000000135524
400101360190000000038675001000808044 0000000000
60010140006448254073913218428146200000000000049690
400101460100000000016696401000962384 0000000000
400101460200000000038689701001988302 0000000000
400101460300000000038691401001468540 0000000000
400101460400000000038714501000423309 0000000000
400101460500000000038819301001059777 0000000000
400101460600000000038823601000762970 0000000000
400101460700000000088848901000001553-0000000000
400101460800000000088865901000031144-0000000000
400101460900000000088868601000004731-0000000000
400101461090000000088901601000179600-0000000000
60010150003264337075906003000019445800000000573964
400101560100000000016630401000957709 0000000000
400101560200000000016676101001278760 0000000000
400101560390000000038585601001027868 0000000000
60010160009295598071923284876591556500000000222329
400101660100000000038621501003296860 0000000000
400101660200000000016689601006594030 0000000000
400101660390000000000DM7887000595292-0000000000
60010170003524964091001157237620000000000000072219
400101760190000000038574501003524964 0000000000
60010180015803829041203824960012790800000000057529
400101860100000000037238401002562744 0000000000
400101860200000000037316101001415577 0000000000
400101860300000000037316102001308804 0000000000
400101860400000000037312201002429224 0000000000
400101860500000000037325701002693060 0000000000
400101860600000000037322901001514000 0000000000
400101860700000000037322902001326038 0000000000
400101860800000000037353201000364340 0000000000
400101860900000000037353202001168400 0000000000
400101861000000000037353203000564900 0000000000
400101861190000000037353204000456742 0000000000
60010190001861475071108423109134000000000000034449
400101960190000000038676301001861475 0000000000
60010200002041716075900575247000342200000000050872
400102060100000000038626101000526736 0000000000
400102060290000000038635201001514980 0000000000
60010210003916110071926582302000422500000000033253
400102160100000000038676201002745060 0000000000
400102160290000000038692201001171050 0000000000
60010220000731048041200050734095547000000000033976
400102260190000000038480001000731048 0000000000
60010230001045278101000019550469209000000000065951
400102360100000000038914501001038528 0000000000
400102360290000000038942701000006750 0000000000
60010240000945645072000096185085173200000000050502
400102460100000000088560601000204600-0000000000
400102460200000000088648501000213000-0000000000
400102460300000000016670701001112870 0000000000
400102460490000000038853201000250375 0000000000
60010250006228571273972949410539005000000000261595
400102560100000000039284401003295948 0000000000
400102560200000000039367801002051073 0000000000
400102560390000000039368001000881550 0000000000
60010260001585360101901396885168900000000000088745
400102660190000000038789001001585360 0000000000
60010270004365577101000019476300882000000000026543
400102760100000000038660901002948272 0000000000
400102760290000000038748101001417305 0000000000
60010280008282601073000228512797938200000000071951
400102860100000000038683901000694500 0000000000
400102860200000000016692101001101031 0000000000
400102860300000000038754901002222170 0000000000
400102860400000000038741401000583685 0000000000
400102860500000000038741402002730600 0000000000
400102860600000000038741403000144115 0000000000
400102860790000000016696801000806500 0000000000
60010290006076085044000804041164399900000000060051
400102960100000000016663601000912814 0000000000
400102960200000000038308501000726602 0000000000
400102960300000000038370301001921680 0000000000
400102960400000000038372801000488559 0000000000
400102960500000000038372901000610860 0000000000
400102960690000000038419201001415570 0000000000
60010300022228376042202196770239057100000000036476
400103060100000000038809701001861109 0000000000
400103060200000000038813301001861109 0000000000
400103060300000000038836501003455500 0000000000
400103060400000000038848801002060407 0000000000
400103060500000000038851201001828580 0000000000
400103060600000000038709701001828580 0000000000
400103060700000000038717901001828580 0000000000
400103060800000000038717101001828580 0000000000
400103060900000000088895701001223870-0000000000
400103061000000000038976401000008778-0000000000
400103061100000000088894801001106560-0000000000
400103061200000000088862001000772960-0000000000
400103061300000000088861901000999590-0000000000
400103061400000000088732901003006150-0000000000
40010306150000000000RMA2946000038750-0000000000
400103061600000000038747301001828580 0000000000
400103061700000000038740901001828580 0000000000
400103061800000000038733401001828580 0000000000
400103061900000000038788601001828580 0000000000
400103062000000000038781001001828580 0000000000
400103062100000000038781201001828580 0000000000
400103062290000000038807401001861109 0000000000
60010310004055840073901877112408000000000000101214
400103160100000000036987201000007007 0000000000
400103160200000000038785201000406625 0000000000
400103160300000000038797301000774496 0000000000
400103160400000000038792901002385700 0000000000
400103160590000000016720101000482012 0000000000
60010320006636060111000012003756226614000000533105
400103260100000000038752201004022300 0000000000
400103260200000000039015901004137460 0000000000
400103260300000000088596201000255600-0000000000
400103260400000000088727301000071000-0000000000
400103260500000000088727501000259900-0000000000
400103260600000000088754301000511200-0000000000
400103260700000000088811601000213000-0000000000
400103260890000000088872701000213000-0000000000
60010330000232380075901011049250300000000000055866
400103360190000000000907531000232380 0000000000
60010340028823960041200555558200331900000000037269
400103460100000000016596101000005185 0000000000
400103460200000000088765101000067479-0000000000
400103460300000000016689901002914548 0000000000
400103460400000000016690001003839880 0000000000
400103460500000000038716901002532736 0000000000
400103460600000000016695701002914548 0000000000
400103460700000000016673201001860000 0000000000
400103460800000000016673101003135064 0000000000
400103460900000000016705601003199610 0000000000
400103461000000000038817401000315196 0000000000
400103461100000000038821401001414270 0000000000
400103461200000000016708001001504965 0000000000
400103461300000000038812501002532736 0000000000
400103461400000000038817501000265676 0000000000
400103461590000000016710301002457025 0000000000
60010350003217536021000021987586700100000026588333
60010360005973871021000021633158480000003970029600
400103660100000000016657001000851500 0000000000
400103660200000000038543401001151430 0000000000
400103660300000000038620901000896384 0000000000
400103660400000000016680101000705025 0000000000
400103660500000000016680401000647393 0000000000
400103660690000000038651701001722139 0000000000
60010370000306470000000008368924420000000000330592
400103760190000000088827201000306470 0000000000
60010380000566180026010786500256300100000810000103
400103860190000000038621601000566180 0000000000
60010390002011958000000008001048040000000000037796
400103960190000000038289601002011958 0000000000
60010400005450712042102694300243875500002698200431
400104060100000000016683701000739896 0000000000
400104060200000000016683401002117824 0000000000
400104060300000000016713101000739896 0000000000
400104060490000000016706701001853096 0000000000
60010410000500155072000805186105050700000804105656
400104160100000000038514101000330645 0000000000
400104160290000000038677701000169510 0000000000
60010420003547259111000012938335464300000014826759
400104260190000000038138501003547259 0000000000
60010430003713002075000666027233071500000667741140
400104360100000000038788501001447312 0000000000
400104360290000000038807201002265690 0000000000
60010440015382079031100209476043381100000207825545
400104460100000000016618201002037248 0000000000
400104460200000000016618101001981542 0000000000
400104460300000000038381401002906920 0000000000
400104460400000000016642101001200500 0000000000
400104460500000000038415201002034630 0000000000
400104460600000000038430601002355000 0000000000
400104460700000000016636801001285242 0000000000
400104460890000000038382901001580997 0000000000
60010450014407242031100209476043381100000207825546
400104560100000000000DM REV007438312 0000000000
400104560200000000016626001002131422 0000000000
400104560300000000016650201001696680 0000000000
400104560400000000016621301001514160 0000000000
400104560500000000038444401000627696 0000000000
400104560690000000016582801000998972 0000000000
60010460003663522031100209476043381100000207825547
400104660100000000038401901003253650 0000000000
400104660200000000016649901000233624 0000000000
400104660390000000016650401000176248 0000000000
60010470053849907028000082934019630000000088282734
400104760100000000038355601002468025 0000000000
400104760200000000088719301006492874 0000000000
400104760300000000088719401000134900 0000000000
400104760400000000088719501000192584 0000000000
40010476050000000812T32WADN001581405 0000000000
40010476060000000812T32WASC016256231 0000000000
40010476070000000812T32WASP000556292 0000000000
400104760800000000038546201001841952 0000000000
400104760900000000038571701001096560 0000000000
400104761000000000038578201001579584 0000000000
400104761100000000038580001001211400 0000000000
400104761200000000038580901001297296 0000000000
400104761300000000038587701001333296 0000000000
400104761400000000038613301001283412 0000000000
400104761500000000038613801001352616 0000000000
400104761600000000038634701001765920 0000000000
400104761700000000038637301001319880 0000000000
400104761800000000038643201001841952 0000000000
400104761900000000038644901001328400 0000000000
400104762000000000038645401001559904 0000000000
400104762100000000038669001001525344 0000000000
400104762200000000038670201001348680 0000000000
400104762300000000038673701001526448 0000000000
400104762400000000038683001001297296 0000000000
400104762500000000038701401001515396 0000000000
400104762690000000016578101000142260 0000000000
60010480004215008028000082934019630000000088283322
4001048601000000000R3462222000001770-0000000000
4001048602000000000R3546581000000407-0000000000
4001048603000000000R3568107000000660-0000000000
4001048604000000000R3568108000001071-0000000000
4001048605000000000R3568108000003366-0000000000
4001048606000000000R3576295000000636-0000000000
4001048607000000000R3576295000000795-0000000000
4001048608000000000R3591671000021528-0000000000
4001048609000000000000R8690000093120-0000000000
400104861000000000016561601000216684 0000000000
400104861100000000037863401000478950 0000000000
400104861200000000037711201001448239 0000000000
400104861300000000037861701001324800 0000000000
400104861400000000037863101000547998 0000000000
400104861590000000037867301000321690 0000000000
60010490046155317021000021300507047900000027896799
400104960100000000016386901000292224 0000000000
400104960200000000016518501000285948 0000000000
400104960300000000016518601000683420 0000000000
400104960400000000016524901000683420 0000000000
400104960500000000016538401000331060 0000000000
400104960600000000016541401000076086 0000000000
400104960700000000016543201002582496 0000000000
400104960800000000016544901000455490 0000000000
400104960900000000016545801000738498 0000000000
400104961000000000016548901000772612 0000000000
400104961100000000016549301002582496 0000000000
400104961200000000016549401000226730 0000000000
400104961300000000016549901001366470 0000000000
400104961400000000016556601000307065 0000000000
400104961500000000016559501000760712 0000000000
400104961600000000016561201002486946 0000000000
400104961700000000016561301000199750 0000000000
400104961800000000016563101000279510 0000000000
400104961900000000016563501001095738 0000000000
400104962000000000016564001000702045 0000000000
400104962100000000016565301000694880 0000000000
400104962200000000016565401002596860 0000000000
400104962300000000016565601000490330 0000000000
400104962400000000016568601000087056 0000000000
400104962500000000016569501002596860 0000000000
400104962600000000016570601000430472 0000000000
400104962700000000016571301000978076 0000000000
400104962800000000016571701001670492 0000000000
400104962900000000016572101000087056 0000000000
400104963000000000016576801002596860 0000000000
400104963100000000016577801000498945 0000000000
400104963200000000016579801000087056 0000000000
400104963300000000016585301002604472 0000000000
400104963400000000016588401002596860 0000000000
400104963500000000016594101000559020 0000000000
400104963600000000016594401002342530 0000000000
400104963700000000037720601000304800 0000000000
400104963800000000037750301000499200 0000000000
400104963900000000037813101000670220 0000000000
400104964000000000037932201000585427 0000000000
400104964100000000037940601002032776 0000000000
400104964200000000088609501001287616 0000000000
400104964300000000088624301000869000 0000000000
400104964400000000088625801003325500 0000000000
4001049645900000000000000BB001245763-0000000000
60010500001328034242071758382388137000001750387425
400105060100000000088539201001333000 0000000000
4001050602900000000000DEBIT000004966-0000000000
60010510003520541075900575139104893200000574227956
400105160100000000016685301001241646 0000000000
400105160200000000038758001000889644 0000000000
400105160300000000038759101000776308 0000000000
400105160400000000038759501000304148 0000000000
400105160500000000038760201000694545 0000000000
400105160600000000038760601000172350 0000000000
400105160790000000088900501000558100-0000000000
60010520003386710075900575139104893200000574227957
400105260100000000038669101002359260 0000000000
400105260200000000038719701000539850 0000000000
400105260390000000038719801000487600 0000000000
60010530001682910075900575139104893200000574227962
400105360190000000016676001001682910 0000000000
60010540026396561111000025438277202300004500009859
400105460100000000038633901000001173-0000000000
400105460200000000038809301000001173-0000000000
400105460300000000038225001002405993 0000000000
400105460400000000038540601002340624 0000000000
400105460500000000038604601002340624 0000000000
400105460600000000038633901001535457 0000000000
400105460700000000038633902001424896 0000000000
400105460800000000038703601002531584 0000000000
400105460900000000038770301001535457 0000000000
400105461000000000038807901002531584 0000000000
400105461100000000038862601002351712 0000000000
400105461200000000038955401002490048 0000000000
400105461300000000038933401002531584 0000000000
400105461400000000034558101000038720 0000000000
400105461590000000038770301002340624 0000000000
7001000020390612102200540422829233
